1451	7223|18
1802	1430|72
2101	7231|10
2851	14907|33
2853	14907|26
2854	7449|11
2904	11190|26
2915	9403|12
2927	8304|10
2933	8112|143
2934	8112|48
2935	8112|18
2936	8112|46
2937	8112|34
2986	8112|15
3004	7780|17
3103	7780|207
3107	25879|11
3130	652|10
3150	7003|29
3151	14647|37
3152	571|11
3153	571|28
3154	46846|11
3155	27663|53
3157	3313|12
3159	27318|15
3171	2868|15
3175	13827|11
3185	13368|19
3186	13368|55
3200	1847|16
3201	41072|23
3202	46846|43
3209	24032|50
3221	19870|40
3234	8112|78
3235	34550|12
3251	12321|146
3252	10228|37
3254	24036|128
3255	7680|218
3290	13289|13
3295	6260|11
3300	12516|53
3301	19397|111
3303	2191|62
3304	2191|40
3305	33969|39
3306	10232|22
3307	13548|85
3310	13548|17
3320	3052|10
3344	6260|11
3347	537|164
3350	642|31
3351	24434|41
3352	2949|1297
3353	27663|82
3354	13128|124
3357	19397|308
3364	8465|11
3365	18725|253
3400	31|112
3401	2949|161
3402	2949|97
3403	7599|119
3404	2276|30
3405	2717|17
3408	21965|26
3409	56984|12
3414	8465|12
3422	3956|18
3448	4541|52
3450	25976|791
3451	19397|213
3452	2179|55
3453	3313|93
3454	3313|17
3458	17155|506
3500	642|153
3501	1778|28
3503	51417|10
3506	1915|130
3507	13289|113
3516	21544|17
3550	7518|103
3551	3284|136
3552	17155|14
3553	574|23
3554	12883|85
3555	7684|13
3556	27704|31
3566	373|13
3568	12887|25
3573	4643|1786
3600	7524|974
3601	1843|161
3602	8302|45
3604	574|51
3605	22289|900
3608	6918|12
3614	57560|33
3615	57347|29
3625	18725|135
3636	28517|50
3644	8260|220
3648	30822|64
3649	30822|66
3650	642|442
3651	15909|86
3652	1847|12
3654	38240|35
3656	19930|119
3662	3334|22
3697	30822|11
3700	28517|551
3701	31|122
3702	42492|68
3703	7407|30
3704	19930|136
3706	19930|86
3708	9305|18
3709	4846|36
3710	6188|40
3721	19397|10
3724	25715|19
3733	17296|54
3734	26598|10
3735	26598|93
3738	28517|106
3739	28517|15
3740	6260|17
3750	25976|263
3751	6199|1487
3752	23011|159
3753	13097|2100
3755	3334|13
3756	40579|14
3758	36624|16
3761	53870|13
3762	18351|10
3765	28517|18
3766	9869|33
3767	2433|36
3791	4030|12
3794	8112|65
3800	7599|108
3801	6188|741
3802	13532|400
3803	7524|53
3804	15034|18
3806	14014|108
3807	1911|125
3808	1847|25
3812	8013|16
3813	7225|33
3817	47456|35
3847	7599|197
3848	6260|13
3850	11504|10
3851	28531|299
3852	7116|36
3854	13808|182
3855	57545|11
3856	21543|140
3857	29574|31
3859	38186|662
3862	19870|48
3864	49617|14
3879	20670|10
3897	1559|28
3901	19221|17
3902	28531|86
3903	28531|38
3904	4318|12
3905	7518|426
3915	26974|16
3916	26974|15
3946	1559|23
3949	18665|95
3952	12467|443
3953	28531|44
3954	235|13
3955	3803|228
3957	235|47
3996	5165|20
4000	7713|17
4001	24536|16
4003	2033|58
4004	3037|23
4005	10032|13
4006	9482|10
4027	22291|10
4051	3218|14
4052	25976|20
4053	12467|127
4054	4848|21
4055	1640|19
4058	7671|64
4060	56853|10
4074	13844|10
4102	24536|29
4105	8291|20
4107	1667|32
4119	12887|15
4149	8112|195
4160	28550|10
4200	6699|92
4206	236|27
4252	235|24
4254	235|22
4255	10250|47
4256	38004|23
4257	7832|1028
4258	2270|17
4261	3004|14
4263	17309|20
4302	16777|14
4307	15908|38
4309	27351|15
4311	14851|15
4354	235|10
4357	27783|99
4359	1667|20
4401	235|27
4404	28363|18
4450	235|11
4452	235|427
4556	28543|16
4564	49192|41
4615	8031|18
4624	3004|11
4659	56039|10
4666	8031|138
4710	56039|15
4779	5213|63
4855	246|12
4863	2033|16
4931	5213|61
4953	246|723
4954	246|71
4980	5213|10
